21
-2.000000 -1.800000 -1.600000 -1.400000 -1.200000 -1.000000 -0.800000 -0.600000 -0.400000 -0.200000 0.000000 0.200000 0.400000 0.600000 0.800000 1.000000 1.200000 1.400000 1.600000 1.800000 2.000000 
21
-2.000000 -1.800000 -1.600000 -1.400000 -1.200000 -1.000000 -0.800000 -0.600000 -0.400000 -0.200000 0.000000 0.200000 0.400000 0.600000 0.800000 1.000000 1.200000 1.400000 1.600000 1.800000 2.000000 
7
0.000000 12.500000 25.000000 37.500000 50.000000 62.500000 75.000000 
1442.158860 1442.161727 1442.157636 1442.160131 1442.160003 1442.158020 1442.158206 1442.158741 1442.162780 1442.163433 1442.159824 1442.164747 1442.163379 1442.163050 1442.164285 1442.163810 1442.164226 1442.166378 1442.167021 1442.167753 1442.167663 
1442.156319 1442.158580 1442.160267 1442.159814 1442.160948 1442.161229 1442.160690 1442.161748 1442.161102 1442.163244 1442.161656 1442.162080 1442.162696 1442.160811 1442.165551 1442.164967 1442.164301 1442.166899 1442.164235 1442.166176 1442.166447 
1442.158354 1442.158843 1442.158054 1442.159256 1442.159541 1442.160787 1442.161761 1442.162299 1442.160768 1442.162109 1442.161205 1442.161649 1442.163141 1442.165160 1442.163312 1442.164865 1442.164700 1442.166505 1442.164727 1442.166232 1442.167203 
1442.159237 1442.160273 1442.159328 1442.158110 1442.159191 1442.159231 1442.163108 1442.160621 1442.162412 1442.161911 1442.163435 1442.162209 1442.161937 1442.162262 1442.164566 1442.164328 1442.164716 1442.166788 1442.166134 1442.166478 1442.168353 
1442.157426 1442.159352 1442.159981 1442.159354 1442.160241 1442.159264 1442.159653 1442.161311 1442.162377 1442.164743 1442.161962 1442.163237 1442.163401 1442.161937 1442.163808 1442.162828 1442.165867 1442.164561 1442.165953 1442.165719 1442.166983 
1442.157600 1442.159110 1442.159822 1442.161285 1442.159839 1442.158265 1442.159924 1442.162550 1442.160552 1442.163005 1442.162610 1442.164372 1442.161388 1442.163536 1442.162921 1442.167490 1442.165903 1442.166927 1442.164922 1442.165903 1442.166507 
1442.159438 1442.158510 1442.159923 1442.157564 1442.159636 1442.159569 1442.159200 1442.161693 1442.161905 1442.162087 1442.161127 1442.164011 1442.163681 1442.163458 1442.164202 1442.164338 1442.163241 1442.165094 1442.164949 1442.165187 1442.165384 
1442.157597 1442.156487 1442.159851 1442.159858 1442.159747 1442.160152 1442.159797 1442.162037 1442.161317 1442.161145 1442.163639 1442.162497 1442.162542 1442.163245 1442.163094 1442.163213 1442.167298 1442.166911 1442.166015 1442.164856 1442.165629 
1442.157872 1442.159273 1442.157562 1442.156924 1442.158169 1442.160360 1442.160852 1442.161347 1442.161192 1442.161931 1442.161691 1442.163457 1442.161651 1442.163880 1442.162994 1442.163915 1442.165227 1442.166158 1442.164422 1442.167225 1442.167078 
1442.157807 1442.158101 1442.158499 1442.158833 1442.159582 1442.160038 1442.161250 1442.162403 1442.161791 1442.161542 1442.162807 1442.162798 1442.162002 1442.164405 1442.164201 1442.164460 1442.165273 1442.165454 1442.164667 1442.165855 1442.166291 
1442.157352 1442.160011 1442.157893 1442.158692 1442.158875 1442.158818 1442.160212 1442.160553 1442.162796 1442.161455 1442.161054 1442.164153 1442.164237 1442.163208 1442.162341 1442.163808 1442.164516 1442.165374 1442.165261 1442.166392 1442.166777 
1442.156548 1442.157247 1442.157861 1442.158510 1442.159119 1442.159880 1442.157241 1442.160212 1442.162351 1442.160475 1442.162906 1442.162765 1442.162820 1442.163464 1442.162135 1442.164030 1442.166164 1442.165106 1442.165482 1442.165129 1442.166252 
1442.157835 1442.158471 1442.158105 1442.158667 1442.161377 1442.157525 1442.162443 1442.161005 1442.162108 1442.159870 1442.161356 1442.162092 1442.163223 1442.161550 1442.164111 1442.162849 1442.164546 1442.165567 1442.165680 1442.166880 1442.167257 
1442.156911 1442.158248 1442.157473 1442.157506 1442.160183 1442.159701 1442.160080 1442.161487 1442.161615 1442.161812 1442.163157 1442.163285 1442.163037 1442.162537 1442.162998 1442.165279 1442.162903 1442.164908 1442.163395 1442.166786 1442.167078 
1442.157518 1442.157879 1442.155871 1442.159355 1442.157004 1442.157276 1442.160095 1442.159497 1442.161291 1442.162001 1442.162629 1442.161518 1442.163094 1442.163185 1442.164354 1442.164511 1442.165320 1442.164734 1442.165153 1442.166753 1442.164046 
1442.156838 1442.156491 1442.157802 1442.159276 1442.159905 1442.158503 1442.159475 1442.160520 1442.160530 1442.161562 1442.162104 1442.161209 1442.162393 1442.160860 1442.164569 1442.163235 1442.163083 1442.164457 1442.163703 1442.165532 1442.165420 
1442.159402 1442.158834 1442.155621 1442.158976 1442.157564 1442.159131 1442.159985 1442.161010 1442.160427 1442.162719 1442.161103 1442.162345 1442.163122 1442.162982 1442.164218 1442.164102 1442.163425 1442.162818 1442.166915 1442.164896 1442.166031 
1442.157739 1442.157733 1442.157143 1442.158005 1442.158779 1442.160829 1442.158929 1442.161009 1442.160975 1442.160867 1442.160472 1442.161671 1442.162301 1442.161343 1442.163430 1442.162844 1442.163999 1442.164864 1442.164050 1442.165088 1442.166159 
1442.155221 1442.158520 1442.160375 1442.159372 1442.158535 1442.159713 1442.158677 1442.162029 1442.161540 1442.161828 1442.160596 1442.162221 1442.161772 1442.162445 1442.162612 1442.162577 1442.163111 1442.164231 1442.163156 1442.165882 1442.165588 
1442.157754 1442.157765 1442.158426 1442.156871 1442.157747 1442.158741 1442.159726 1442.161182 1442.160198 1442.162184 1442.161837 1442.162973 1442.162362 1442.162004 1442.161596 1442.163654 1442.164751 1442.164071 1442.164244 1442.164896 1442.164523 
1442.156487 1442.157223 1442.157879 1442.158199 1442.159308 1442.159239 1442.161384 1442.160322 1442.162253 1442.160159 1442.161834 1442.161476 1442.162765 1442.163191 1442.160829 1442.162093 1442.162387 1442.164647 1442.166153 1442.164788 1442.166355 
1442.800272 1442.799085 1442.800587 1442.799598 1442.802363 1442.801603 1442.804157 1442.802950 1442.804576 1442.804626 1442.802851 1442.803869 1442.805866 1442.805752 1442.804989 1442.805694 1442.806951 1442.806046 1442.808428 1442.807268 1442.810256 
1442.798433 1442.800052 1442.798685 1442.799786 1442.800306 1442.801759 1442.802828 1442.802706 1442.802497 1442.804170 1442.804684 1442.804512 1442.805463 1442.805819 1442.804868 1442.807077 1442.806137 1442.806597 1442.807823 1442.807797 1442.808412 
1442.799642 1442.800700 1442.799981 1442.800974 1442.800874 1442.801801 1442.802498 1442.801894 1442.803233 1442.804047 1442.804019 1442.806175 1442.804334 1442.804621 1442.803981 1442.807066 1442.807541 1442.807080 1442.808548 1442.808335 1442.808923 
1442.799417 1442.800244 1442.800401 1442.803674 1442.800249 1442.799919 1442.801001 1442.801446 1442.802526 1442.803237 1442.803639 1442.804869 1442.805202 1442.806056 1442.807613 1442.807606 1442.805566 1442.804879 1442.808528 1442.806219 1442.808519 
1442.799259 1442.802007 1442.800253 1442.800251 1442.801441 1442.801919 1442.802205 1442.801969 1442.801768 1442.803741 1442.802513 1442.803227 1442.806048 1442.804768 1442.805485 1442.806993 1442.806258 1442.808057 1442.807151 1442.808979 1442.809094 
1442.799049 1442.798822 1442.799050 1442.800251 1442.800531 1442.801007 1442.802876 1442.802072 1442.803993 1442.802793 1442.804768 1442.803744 1442.804900 1442.806177 1442.805265 1442.805688 1442.808623 1442.808093 1442.807186 1442.808738 1442.808200 
1442.799880 1442.801119 1442.798564 1442.801651 1442.802598 1442.801682 1442.803876 1442.802781 1442.801835 1442.801291 1442.803577 1442.805092 1442.805173 1442.805743 1442.805212 1442.806388 1442.805041 1442.806337 1442.806707 1442.808496 1442.808428 
1442.798040 1442.799620 1442.799389 1442.799851 1442.801849 1442.801579 1442.802335 1442.803301 1442.803074 1442.803917 1442.804526 1442.805499 1442.805287 1442.806710 1442.805801 1442.806192 1442.808428 1442.806697 1442.807658 1442.809059 1442.808771 
1442.800723 1442.800871 1442.800620 1442.800008 1442.801814 1442.800319 1442.802395 1442.803437 1442.803318 1442.804461 1442.806116 1442.805498 1442.805318 1442.806167 1442.806426 1442.805138 1442.806476 1442.808590 1442.807800 1442.808896 1442.807761 
1442.799560 1442.800575 1442.799068 1442.801228 1442.801168 1442.800863 1442.802219 1442.800806 1442.800997 1442.802381 1442.803011 1442.803272 1442.803155 1442.805617 1442.804184 1442.806335 1442.807484 1442.807167 1442.807725 1442.807712 1442.807040 
1442.799199 1442.800683 1442.801964 1442.800276 1442.799515 1442.801754 1442.802431 1442.802291 1442.801817 1442.805459 1442.801533 1442.803817 1442.803448 1442.804574 1442.805983 1442.806266 1442.805869 1442.807815 1442.808135 1442.808634 1442.808022 
1442.800273 1442.800373 1442.802724 1442.801782 1442.802357 1442.801722 1442.800825 1442.802183 1442.802242 1442.802881 1442.804455 1442.803798 1442.803903 1442.804832 1442.805529 1442.806555 1442.805642 1442.807358 1442.807576 1442.809292 1442.808222 
1442.799166 1442.798569 1442.798782 1442.800925 1442.800825 1442.802040 1442.801099 1442.804367 1442.803056 1442.804448 1442.803638 1442.804157 1442.805471 1442.805804 1442.804580 1442.804601 1442.805468 1442.805580 1442.807494 1442.807472 1442.807958 
1442.797841 1442.800431 1442.800561 1442.800492 1442.802068 1442.800629 1442.802369 1442.802764 1442.803224 1442.802597 1442.804104 1442.803714 1442.803776 1442.803906 1442.806598 1442.805168 1442.806284 1442.805687 1442.807034 1442.804511 1442.807055 
1442.797700 1442.798534 1442.799773 1442.800108 1442.802844 1442.800791 1442.801557 1442.800675 1442.802203 1442.801780 1442.803589 1442.804868 1442.804877 1442.804219 1442.803721 1442.807258 1442.808325 1442.806862 1442.806192 1442.808830 1442.807494 
1442.798546 1442.800360 1442.798538 1442.798389 1442.801208 1442.801648 1442.801800 1442.802659 1442.803708 1442.804062 1442.802978 1442.804809 1442.804631 1442.804401 1442.804152 1442.806439 1442.805890 1442.806737 1442.806341 1442.806009 1442.808165 
1442.798891 1442.800617 1442.800690 1442.801409 1442.800059 1442.800309 1442.800411 1442.802623 1442.805384 1442.803792 1442.802740 1442.804798 1442.803279 1442.803414 1442.805998 1442.804949 1442.806485 1442.808034 1442.807489 1442.808476 1442.806380 
1442.799633 1442.801588 1442.800465 1442.798823 1442.800595 1442.800742 1442.802072 1442.802553 1442.802999 1442.802677 1442.802882 1442.803331 1442.805222 1442.802955 1442.805033 1442.805956 1442.805474 1442.807046 1442.806944 1442.806512 1442.808047 
1442.798670 1442.798970 1442.799107 1442.800323 1442.798851 1442.800732 1442.801029 1442.801100 1442.803111 1442.802172 1442.803893 1442.804783 1442.804102 1442.804984 1442.805798 1442.805527 1442.806597 1442.805234 1442.808052 1442.806397 1442.805977 
1442.800226 1442.799239 1442.800201 1442.799837 1442.799616 1442.797984 1442.802116 1442.801652 1442.802185 1442.803235 1442.801851 1442.802975 1442.805300 1442.805205 1442.803766 1442.803268 1442.805326 1442.806551 1442.807730 1442.807331 1442.806548 
1442.799032 1442.797993 1442.798634 1442.799377 1442.799237 1442.800634 1442.800446 1442.801501 1442.801768 1442.802263 1442.802611 1442.804798 1442.804631 1442.804529 1442.803441 1442.803709 1442.803792 1442.808810 1442.807645 1442.807383 1442.806590 
1443.420966 1443.422091 1443.424096 1443.421240 1443.422327 1443.422845 1443.420675 1443.423383 1443.422339 1443.425100 1443.423272 1443.424287 1443.422831 1443.423273 1443.422640 1443.424237 1443.425495 1443.423840 1443.425011 1443.424223 1443.424945 
1443.423042 1443.422247 1443.421172 1443.421387 1443.422174 1443.422289 1443.421730 1443.422906 1443.424192 1443.422860 1443.423047 1443.421124 1443.422597 1443.422042 1443.423118 1443.424170 1443.425394 1443.425967 1443.424285 1443.424216 1443.425536 
1443.422001 1443.422527 1443.422789 1443.420651 1443.422780 1443.422321 1443.421777 1443.421950 1443.424097 1443.422174 1443.421841 1443.423416 1443.425431 1443.423663 1443.424115 1443.423005 1443.425800 1443.424474 1443.425066 1443.423730 1443.425695 
1443.422006 1443.420585 1443.421890 1443.421550 1443.422263 1443.422066 1443.422280 1443.421571 1443.422412 1443.423680 1443.424887 1443.422165 1443.425902 1443.425318 1443.424177 1443.423879 1443.423628 1443.425337 1443.423986 1443.424356 1443.425887 
1443.422031 1443.422721 1443.422552 1443.421821 1443.421851 1443.423338 1443.422044 1443.424083 1443.423900 1443.423589 1443.423481 1443.424021 1443.427431 1443.424035 1443.422729 1443.426383 1443.425309 1443.424225 1443.427717 1443.425911 1443.425860 
1443.421256 1443.421092 1443.420492 1443.421968 1443.421495 1443.423378 1443.422612 1443.424917 1443.424910 1443.423784 1443.423527 1443.425168 1443.423061 1443.425065 1443.423913 1443.424354 1443.424252 1443.425687 1443.424518 1443.424380 1443.426173 
1443.421560 1443.422531 1443.422007 1443.422815 1443.420126 1443.423306 1443.424924 1443.424346 1443.424437 1443.423486 1443.424095 1443.424353 1443.424400 1443.423651 1443.424299 1443.424657 1443.424527 1443.426038 1443.427990 1443.424342 1443.425960 
1443.420674 1443.423607 1443.423964 1443.421079 1443.424880 1443.422056 1443.423545 1443.424626 1443.423881 1443.426251 1443.426962 1443.424574 1443.422696 1443.424399 1443.424088 1443.424337 1443.424134 1443.425510 1443.427760 1443.425148 1443.425754 
1443.423615 1443.423898 1443.423388 1443.424138 1443.424195 1443.423132 1443.424126 1443.423582 1443.423149 1443.424863 1443.424486 1443.424412 1443.425074 1443.425967 1443.425571 1443.425563 1443.425837 1443.425796 1443.425143 1443.426887 1443.427728 
1443.422263 1443.424936 1443.423047 1443.423158 1443.422674 1443.422943 1443.422948 1443.424434 1443.425884 1443.425022 1443.425549 1443.426244 1443.422577 1443.425067 1443.425774 1443.426336 1443.424492 1443.424947 1443.426925 1443.426210 1443.427071 
1443.422028 1443.421499 1443.424068 1443.424715 1443.425375 1443.422399 1443.422750 1443.422772 1443.424377 1443.423984 1443.426107 1443.423524 1443.423394 1443.425514 1443.426701 1443.424896 1443.424597 1443.425883 1443.424559 1443.426376 1443.427382 
1443.423258 1443.421291 1443.422816 1443.423228 1443.425547 1443.424863 1443.424086 1443.425649 1443.423483 1443.424353 1443.426308 1443.426607 1443.426040 1443.425996 1443.425104 1443.426622 1443.425234 1443.426820 1443.426722 1443.427782 1443.426412 
1443.423908 1443.424272 1443.422766 1443.423999 1443.425644 1443.424362 1443.424125 1443.425077 1443.424532 1443.425437 1443.425047 1443.425347 1443.426015 1443.427116 1443.426406 1443.427807 1443.424312 1443.426053 1443.426921 1443.426028 1443.425746 
1443.424143 1443.424338 1443.424208 1443.424504 1443.423416 1443.423959 1443.424528 1443.424123 1443.425323 1443.427558 1443.424907 1443.426220 1443.424717 1443.427276 1443.425152 1443.426505 1443.425856 1443.427167 1443.426853 1443.426978 1443.430186 
1443.423114 1443.423875 1443.426819 1443.423190 1443.425069 1443.423620 1443.425911 1443.425403 1443.425919 1443.425175 1443.425883 1443.427306 1443.423736 1443.424535 1443.426758 1443.425869 1443.426403 1443.425369 1443.426121 1443.426790 1443.426636 
1443.423058 1443.423669 1443.423317 1443.425787 1443.423642 1443.426636 1443.424635 1443.423727 1443.424727 1443.426464 1443.426779 1443.426072 1443.426383 1443.426915 1443.424998 1443.426042 1443.424955 1443.426497 1443.428079 1443.428041 1443.429821 
1443.424255 1443.422094 1443.426118 1443.425921 1443.424245 1443.425230 1443.425976 1443.425771 1443.426272 1443.425648 1443.425903 1443.426212 1443.425512 1443.427910 1443.426684 1443.427551 1443.426190 1443.426136 1443.427292 1443.427307 1443.428944 
1443.424916 1443.425044 1443.423233 1443.423872 1443.425219 1443.424851 1443.426678 1443.426927 1443.425192 1443.426832 1443.427547 1443.426664 1443.428159 1443.427796 1443.427138 1443.427990 1443.427497 1443.427068 1443.428023 1443.427887 1443.427665 
1443.426345 1443.424998 1443.427714 1443.424888 1443.425930 1443.427142 1443.428495 1443.426265 1443.425347 1443.427119 1443.425170 1443.426386 1443.427109 1443.428514 1443.428657 1443.427379 1443.428514 1443.427451 1443.428615 1443.430069 1443.428508 
1443.424630 1443.424605 1443.426005 1443.426823 1443.427817 1443.425939 1443.426229 1443.425611 1443.428040 1443.426540 1443.426319 1443.429164 1443.427985 1443.428079 1443.426535 1443.428150 1443.428421 1443.426984 1443.428019 1443.428013 1443.429125 
1443.424209 1443.426486 1443.427385 1443.425487 1443.425958 1443.426656 1443.427540 1443.427047 1443.427104 1443.426402 1443.426827 1443.427851 1443.429110 1443.428184 1443.426584 1443.428396 1443.428050 1443.428072 1443.428271 1443.427778 1443.428503 
1444.112924 1444.112309 1444.112605 1444.112628 1444.112136 1444.112019 1444.112067 1444.112484 1444.113575 1444.113253 1444.112426 1444.113386 1444.112633 1444.110831 1444.109684 1444.109720 1444.110844 1444.110235 1444.109849 1444.110390 1444.109478 
1444.113026 1444.114097 1444.114201 1444.115856 1444.113673 1444.113264 1444.112436 1444.112614 1444.112574 1444.110640 1444.111903 1444.112744 1444.111249 1444.112133 1444.112506 1444.112498 1444.112107 1444.108838 1444.110233 1444.111539 1444.110924 
1444.114486 1444.114772 1444.115375 1444.114283 1444.113168 1444.113533 1444.113315 1444.114262 1444.113638 1444.113622 1444.113065 1444.112374 1444.112613 1444.112601 1444.110775 1444.112137 1444.112744 1444.111558 1444.113120 1444.112018 1444.110877 
1444.115105 1444.114790 1444.115134 1444.115515 1444.114315 1444.114899 1444.116087 1444.115162 1444.114928 1444.113117 1444.113194 1444.113793 1444.113281 1444.111544 1444.111403 1444.113756 1444.111803 1444.114503 1444.110023 1444.112467 1444.111857 
1444.115233 1444.116199 1444.114811 1444.116289 1444.115346 1444.113424 1444.112367 1444.114273 1444.115547 1444.114436 1444.114141 1444.114617 1444.112349 1444.114997 1444.112516 1444.113258 1444.112677 1444.113014 1444.110702 1444.113987 1444.112891 
1444.118474 1444.117818 1444.116274 1444.115117 1444.114073 1444.115611 1444.115639 1444.116310 1444.114136 1444.115700 1444.114813 1444.113779 1444.115149 1444.114481 1444.113803 1444.115770 1444.114374 1444.113492 1444.113711 1444.113357 1444.113278 
1444.117662 1444.116426 1444.116022 1444.116995 1444.118389 1444.116052 1444.115148 1444.115728 1444.115297 1444.115268 1444.115899 1444.115126 1444.114478 1444.114440 1444.113361 1444.113616 1444.112850 1444.113537 1444.112762 1444.112927 1444.113132 
1444.116433 1444.117400 1444.117583 1444.116085 1444.117982 1444.115093 1444.116076 1444.114776 1444.115711 1444.114531 1444.115076 1444.114714 1444.114066 1444.112964 1444.115393 1444.116684 1444.116789 1444.113924 1444.114186 1444.113582 1444.113941 
1444.117037 1444.115798 1444.117466 1444.116081 1444.115181 1444.119289 1444.116536 1444.117001 1444.117635 1444.114578 1444.116488 1444.116414 1444.115829 1444.115734 1444.114872 1444.115953 1444.114207 1444.114066 1444.115415 1444.116242 1444.114020 
1444.117850 1444.118587 1444.119102 1444.118853 1444.117997 1444.116913 1444.118001 1444.117124 1444.118419 1444.115459 1444.116822 1444.117811 1444.115860 1444.115546 1444.115047 1444.115515 1444.115414 1444.115577 1444.114374 1444.115155 1444.114287 
1444.118574 1444.117906 1444.118267 1444.121984 1444.121728 1444.119339 1444.118817 1444.116565 1444.117059 1444.116831 1444.117804 1444.117580 1444.117030 1444.116399 1444.115620 1444.116362 1444.117328 1444.116455 1444.116037 1444.116346 1444.116113 
1444.118018 1444.119449 1444.118820 1444.117004 1444.117494 1444.118310 1444.119285 1444.118061 1444.118378 1444.117038 1444.115579 1444.117639 1444.116412 1444.118364 1444.118779 1444.116513 1444.117914 1444.117526 1444.114981 1444.116176 1444.116303 
1444.120569 1444.120564 1444.120402 1444.120244 1444.119081 1444.119596 1444.116772 1444.117651 1444.119847 1444.117814 1444.118625 1444.119646 1444.117080 1444.116821 1444.117102 1444.117862 1444.117045 1444.116088 1444.115293 1444.116300 1444.116267 
1444.120028 1444.120111 1444.119083 1444.120543 1444.117627 1444.119751 1444.120105 1444.118410 1444.119019 1444.119194 1444.118110 1444.118531 1444.118785 1444.117257 1444.118854 1444.118955 1444.118020 1444.117544 1444.116181 1444.117661 1444.115769 
1444.122630 1444.121412 1444.120978 1444.120138 1444.118153 1444.118927 1444.120303 1444.122193 1444.120365 1444.119764 1444.118733 1444.119218 1444.119888 1444.118500 1444.120482 1444.117199 1444.117855 1444.118105 1444.115905 1444.118236 1444.117578 
1444.121677 1444.122220 1444.122306 1444.121900 1444.120451 1444.120687 1444.120908 1444.119111 1444.119136 1444.119555 1444.119878 1444.121423 1444.120267 1444.118850 1444.118478 1444.120469 1444.121523 1444.118804 1444.117979 1444.116852 1444.119060 
1444.122482 1444.123192 1444.120940 1444.121903 1444.120824 1444.122578 1444.120577 1444.120857 1444.120414 1444.121581 1444.120845 1444.119230 1444.119413 1444.118812 1444.120181 1444.119835 1444.117680 1444.117204 1444.118876 1444.119441 1444.118742 
1444.121159 1444.120937 1444.123169 1444.121982 1444.121557 1444.123086 1444.120797 1444.121545 1444.121652 1444.121882 1444.120028 1444.121058 1444.123289 1444.118857 1444.120619 1444.119779 1444.118997 1444.118803 1444.119953 1444.121617 1444.118345 
1444.123775 1444.122494 1444.124861 1444.123268 1444.122407 1444.122987 1444.122184 1444.123123 1444.121654 1444.120531 1444.121713 1444.122857 1444.119922 1444.120688 1444.121761 1444.118651 1444.121009 1444.120967 1444.120256 1444.119090 1444.119668 
1444.123919 1444.124587 1444.124145 1444.122951 1444.124746 1444.122902 1444.121951 1444.122135 1444.123251 1444.122411 1444.122928 1444.121931 1444.124180 1444.119850 1444.120907 1444.121055 1444.121047 1444.122244 1444.120839 1444.120326 1444.120331 
1444.125193 1444.123568 1444.124522 1444.122315 1444.123607 1444.122556 1444.122654 1444.123405 1444.121812 1444.121757 1444.121037 1444.120126 1444.122010 1444.123150 1444.121631 1444.121397 1444.120397 1444.122852 1444.120850 1444.122224 1444.121128 
1444.220451 1444.221675 1444.221869 1444.220714 1444.222131 1444.223072 1444.221505 1444.221229 1444.221887 1444.221952 1444.222610 1444.221666 1444.222743 1444.223382 1444.222757 1444.222866 1444.221418 1444.221295 1444.220771 1444.220736 1444.221696 
1444.220648 1444.224543 1444.223234 1444.220361 1444.221135 1444.222140 1444.220486 1444.221686 1444.223262 1444.222041 1444.222143 1444.221190 1444.221599 1444.220749 1444.222436 1444.221617 1444.222870 1444.223416 1444.223374 1444.222330 1444.221856 
1444.221199 1444.222481 1444.223393 1444.222138 1444.222301 1444.223121 1444.223430 1444.221150 1444.222751 1444.222774 1444.222446 1444.223527 1444.222303 1444.221829 1444.222935 1444.223160 1444.222510 1444.223565 1444.221247 1444.221616 1444.219473 
1444.223427 1444.221885 1444.222560 1444.223844 1444.222916 1444.222407 1444.221959 1444.222535 1444.223382 1444.221239 1444.222647 1444.223511 1444.221290 1444.223360 1444.223404 1444.221832 1444.221144 1444.223049 1444.223456 1444.223267 1444.223495 
1444.221871 1444.223607 1444.222443 1444.222426 1444.221374 1444.224020 1444.223128 1444.223985 1444.224547 1444.221910 1444.223685 1444.223046 1444.223996 1444.224236 1444.223996 1444.222367 1444.223047 1444.223451 1444.226440 1444.224636 1444.225847 
1444.223961 1444.223798 1444.224242 1444.223122 1444.224926 1444.223569 1444.222342 1444.224597 1444.222166 1444.221853 1444.223981 1444.222752 1444.222783 1444.223535 1444.223218 1444.223493 1444.224011 1444.222574 1444.222490 1444.221560 1444.223229 
1444.224462 1444.223099 1444.224302 1444.224369 1444.224854 1444.224893 1444.223225 1444.223037 1444.223935 1444.223219 1444.225354 1444.225329 1444.224073 1444.223555 1444.224504 1444.223344 1444.223872 1444.223466 1444.224104 1444.225161 1444.224826 
1444.225462 1444.223414 1444.224497 1444.223324 1444.224688 1444.224647 1444.225648 1444.225492 1444.225076 1444.223927 1444.223952 1444.222353 1444.223933 1444.222813 1444.225294 1444.225300 1444.224562 1444.224052 1444.224581 1444.226086 1444.225897 
1444.224267 1444.224886 1444.223588 1444.225107 1444.225473 1444.225667 1444.223238 1444.225272 1444.223911 1444.224397 1444.225579 1444.225115 1444.224668 1444.225459 1444.226529 1444.224299 1444.223565 1444.223735 1444.223938 1444.224202 1444.225463 
1444.222952 1444.225246 1444.224232 1444.226124 1444.224183 1444.225046 1444.224101 1444.224352 1444.224776 1444.224816 1444.224526 1444.226199 1444.225653 1444.226999 1444.224900 1444.226271 1444.223110 1444.225849 1444.225613 1444.224887 1444.225981 
1444.226256 1444.226453 1444.225871 1444.226075 1444.224809 1444.224378 1444.225202 1444.225667 1444.226455 1444.224728 1444.225030 1444.228531 1444.224970 1444.227541 1444.226626 1444.225128 1444.225590 1444.225496 1444.226207 1444.227142 1444.224155 
1444.227928 1444.226733 1444.225417 1444.225840 1444.226276 1444.226288 1444.227216 1444.227136 1444.225704 1444.225939 1444.226818 1444.226223 1444.227262 1444.225455 1444.226625 1444.226462 1444.227597 1444.224875 1444.226222 1444.226291 1444.223882 
1444.227692 1444.229312 1444.226305 1444.226826 1444.226074 1444.226924 1444.226163 1444.226440 1444.228175 1444.225720 1444.225985 1444.226485 1444.226432 1444.228020 1444.228648 1444.225655 1444.225986 1444.227155 1444.226264 1444.228666 1444.228363 
1444.227563 1444.227585 1444.226690 1444.227800 1444.228186 1444.227215 1444.229023 1444.227791 1444.227019 1444.227507 1444.228249 1444.226765 1444.227081 1444.229565 1444.226740 1444.228173 1444.228070 1444.228873 1444.227843 1444.224844 1444.226433 
1444.228114 1444.227870 1444.229600 1444.229077 1444.228185 1444.227776 1444.226134 1444.229548 1444.227835 1444.226147 1444.228122 1444.227798 1444.227125 1444.228192 1444.226994 1444.226343 1444.225916 1444.227293 1444.227025 1444.228095 1444.226145 
1444.227890 1444.226568 1444.229881 1444.227966 1444.229313 1444.228591 1444.229011 1444.226943 1444.229352 1444.229561 1444.226025 1444.227909 1444.227427 1444.228231 1444.227218 1444.228343 1444.228668 1444.228322 1444.227962 1444.226779 1444.228115 
1444.228046 1444.227261 1444.228464 1444.228303 1444.228700 1444.229504 1444.229094 1444.229832 1444.227797 1444.227648 1444.228409 1444.229892 1444.229827 1444.228403 1444.227927 1444.226988 1444.229174 1444.228530 1444.227320 1444.228150 1444.226634 
1444.229439 1444.228827 1444.230636 1444.227638 1444.229955 1444.229127 1444.229058 1444.229688 1444.230168 1444.227897 1444.230280 1444.227745 1444.227861 1444.228246 1444.229649 1444.227834 1444.229228 1444.229306 1444.229048 1444.229450 1444.227714 
1444.230503 1444.229607 1444.230218 1444.228490 1444.229506 1444.230326 1444.230463 1444.229358 1444.227567 1444.228297 1444.229598 1444.230170 1444.229836 1444.228751 1444.231610 1444.229445 1444.230238 1444.228954 1444.228237 1444.230029 1444.230392 
1444.231815 1444.229463 1444.228333 1444.231565 1444.230214 1444.228805 1444.229352 1444.229084 1444.231046 1444.230477 1444.230123 1444.230114 1444.229041 1444.230849 1444.230202 1444.229589 1444.229656 1444.229731 1444.228933 1444.230555 1444.231220 
1444.232947 1444.230990 1444.229647 1444.230652 1444.229426 1444.229797 1444.229732 1444.229539 1444.230738 1444.229231 1444.231002 1444.231129 1444.231372 1444.230312 1444.230947 1444.232139 1444.230395 1444.230158 1444.232116 1444.227825 1444.229850 
1445.801940 1445.801706 1445.801767 1445.801134 1445.803439 1445.800636 1445.801678 1445.803219 1445.802975 1445.803945 1445.803828 1445.804779 1445.803001 1445.804616 1445.802901 1445.805379 1445.804571 1445.805807 1445.804863 1445.805942 1445.807040 
1445.798973 1445.799037 1445.799124 1445.802045 1445.801950 1445.801129 1445.803647 1445.802626 1445.801159 1445.801955 1445.801820 1445.804440 1445.803184 1445.802848 1445.803671 1445.803642 1445.805612 1445.805573 1445.805717 1445.806151 1445.806090 
1445.799095 1445.800848 1445.799767 1445.799730 1445.799946 1445.802180 1445.802645 1445.800184 1445.802045 1445.802746 1445.802174 1445.803848 1445.803666 1445.803562 1445.803438 1445.804975 1445.805495 1445.805461 1445.805065 1445.806557 1445.805036 
1445.799759 1445.801388 1445.800156 1445.799763 1445.802883 1445.801043 1445.802034 1445.801078 1445.802455 1445.802950 1445.802797 1445.803424 1445.804637 1445.802323 1445.804204 1445.802261 1445.804527 1445.806779 1445.806170 1445.805552 1445.805513 
1445.800221 1445.801112 1445.800405 1445.802349 1445.800237 1445.799280 1445.800762 1445.801588 1445.801700 1445.801499 1445.803990 1445.801329 1445.802710 1445.802500 1445.803262 1445.803341 1445.804776 1445.803537 1445.804005 1445.805201 1445.806507 
1445.797484 1445.801426 1445.799070 1445.800883 1445.801616 1445.802232 1445.800699 1445.801523 1445.801625 1445.801461 1445.802625 1445.803014 1445.802595 1445.803368 1445.806251 1445.803912 1445.804940 1445.804068 1445.804279 1445.804738 1445.805950 
1445.798507 1445.797679 1445.799838 1445.799639 1445.800651 1445.800762 1445.801720 1445.802216 1445.800283 1445.800342 1445.802654 1445.802769 1445.801814 1445.804295 1445.803410 1445.803803 1445.804261 1445.805060 1445.806175 1445.804716 1445.803512 
1445.800055 1445.798415 1445.800891 1445.799369 1445.801762 1445.799774 1445.799737 1445.802102 1445.800075 1445.802408 1445.802478 1445.802199 1445.802294 1445.805014 1445.802904 1445.803381 1445.802916 1445.803314 1445.803820 1445.806431 1445.804653 
1445.798188 1445.798704 1445.800170 1445.798430 1445.800661 1445.798993 1445.800474 1445.799055 1445.801703 1445.802175 1445.801096 1445.802398 1445.802550 1445.803864 1445.803150 1445.804379 1445.803537 1445.803299 1445.804203 1445.804341 1445.805736 
1445.798567 1445.798068 1445.799041 1445.800702 1445.799413 1445.799459 1445.801408 1445.800841 1445.800677 1445.800594 1445.800134 1445.802057 1445.801889 1445.802828 1445.801344 1445.804425 1445.803915 1445.802152 1445.805074 1445.803739 1445.804929 
1445.798602 1445.797796 1445.796061 1445.799730 1445.799161 1445.799200 1445.800521 1445.799716 1445.801383 1445.801177 1445.800334 1445.802467 1445.802424 1445.803525 1445.801691 1445.801977 1445.803487 1445.804159 1445.804646 1445.804143 1445.804207 
1445.798753 1445.800409 1445.799672 1445.799187 1445.798826 1445.800202 1445.799522 1445.800546 1445.801399 1445.801863 1445.801843 1445.802953 1445.803758 1445.800314 1445.800705 1445.801840 1445.801039 1445.802958 1445.803272 1445.804159 1445.804504 
1445.797318 1445.797471 1445.799378 1445.798509 1445.797803 1445.799473 1445.799971 1445.799656 1445.801035 1445.800907 1445.800771 1445.801241 1445.802049 1445.801452 1445.801129 1445.802321 1445.802908 1445.803597 1445.803366 1445.803236 1445.804595 
1445.797646 1445.798876 1445.798289 1445.798672 1445.798887 1445.798350 1445.798631 1445.798884 1445.801939 1445.800268 1445.801716 1445.801437 1445.803266 1445.802658 1445.800805 1445.801996 1445.803523 1445.803234 1445.805541 1445.803556 1445.802340 
1445.798057 1445.796999 1445.798254 1445.799597 1445.799142 1445.799442 1445.799248 1445.799599 1445.799944 1445.797532 1445.801011 1445.801921 1445.799934 1445.799994 1445.802434 1445.800602 1445.800707 1445.803471 1445.802331 1445.804538 1445.802303 
1445.796747 1445.797898 1445.798514 1445.798742 1445.798771 1445.798649 1445.798594 1445.799953 1445.799386 1445.800495 1445.801471 1445.798428 1445.802779 1445.800651 1445.802905 1445.803462 1445.800744 1445.802682 1445.806305 1445.802957 1445.803966 
1445.797552 1445.798808 1445.798955 1445.797221 1445.798019 1445.799101 1445.799003 1445.801914 1445.800138 1445.800444 1445.799468 1445.799287 1445.801688 1445.801002 1445.802154 1445.800974 1445.803004 1445.800590 1445.804271 1445.803875 1445.803451 
1445.795932 1445.796982 1445.797935 1445.799203 1445.797266 1445.799898 1445.801700 1445.798753 1445.800019 1445.799194 1445.798423 1445.801911 1445.801450 1445.800549 1445.801473 1445.801432 1445.800492 1445.799342 1445.802455 1445.802337 1445.802513 
1445.796070 1445.795372 1445.796946 1445.797927 1445.796998 1445.798806 1445.798385 1445.798855 1445.797820 1445.798774 1445.800249 1445.799348 1445.800598 1445.802728 1445.801864 1445.802420 1445.804068 1445.803212 1445.802751 1445.804630 1445.802090 
1445.795998 1445.799015 1445.797777 1445.797587 1445.798394 1445.797977 1445.798250 1445.798455 1445.798587 1445.798494 1445.799678 1445.799464 1445.801790 1445.800898 1445.801996 1445.801146 1445.801508 1445.803162 1445.803699 1445.802583 1445.804565 
1445.797023 1445.797230 1445.799381 1445.799057 1445.798750 1445.798557 1445.797920 1445.798644 1445.800894 1445.797355 1445.799031 1445.799780 1445.800422 1445.798786 1445.801398 1445.801911 1445.800545 1445.801524 1445.800865 1445.804012 1445.803083 
1447.749247 1447.748139 1447.749100 1447.751250 1447.750469 1447.750960 1447.749550 1447.750996 1447.752032 1447.750044 1447.752765 1447.754942 1447.751391 1447.750693 1447.752672 1447.753846 1447.753352 1447.753516 1447.753930 1447.753012 1447.752416 
1447.750370 1447.749460 1447.748144 1447.750612 1447.748450 1447.749793 1447.750890 1447.749524 1447.750201 1447.750789 1447.752977 1447.751763 1447.751125 1447.751500 1447.751645 1447.753487 1447.752153 1447.751820 1447.753045 1447.752932 1447.754070 
1447.749229 1447.749703 1447.749568 1447.749821 1447.751392 1447.748564 1447.749541 1447.748349 1447.751152 1447.750484 1447.750364 1447.749101 1447.751173 1447.750931 1447.749994 1447.750318 1447.750851 1447.751521 1447.750246 1447.751832 1447.752828 
1447.747426 1447.747244 1447.748421 1447.749461 1447.748127 1447.748271 1447.747444 1447.748034 1447.749799 1447.749282 1447.750364 1447.750491 1447.750411 1447.751019 1447.752022 1447.751320 1447.751391 1447.751128 1447.750088 1447.750966 1447.751983 
1447.745947 1447.747699 1447.747782 1447.747772 1447.748183 1447.748112 1447.748264 1447.748474 1447.749627 1447.748820 1447.746414 1447.748705 1447.749575 1447.750554 1447.751216 1447.749097 1447.750990 1447.750684 1447.750433 1447.750856 1447.750997 
1447.746557 1447.746867 1447.746147 1447.745930 1447.748139 1447.747171 1447.749028 1447.746898 1447.747400 1447.749628 1447.749858 1447.747626 1447.749046 1447.750404 1447.750639 1447.748221 1447.751329 1447.750615 1447.750399 1447.750146 1447.749577 
1447.745965 1447.745814 1447.748634 1447.746772 1447.746609 1447.746965 1447.746556 1447.749462 1447.748267 1447.747913 1447.749176 1447.748233 1447.748364 1447.748092 1447.748211 1447.750642 1447.750040 1447.749569 1447.751416 1447.749966 1447.750437 
1447.744058 1447.746139 1447.744406 1447.745029 1447.747175 1447.746808 1447.745786 1447.746451 1447.747312 1447.747490 1447.745748 1447.746424 1447.746025 1447.747907 1447.746438 1447.749051 1447.747540 1447.747608 1447.750717 1447.751357 1447.748601 
1447.744619 1447.746867 1447.744600 1447.747083 1447.746430 1447.745882 1447.745674 1447.747940 1447.747189 1447.746048 1447.747273 1447.746198 1447.747418 1447.749021 1447.748246 1447.747153 1447.748456 1447.747605 1447.750541 1447.746930 1447.748223 
1447.745048 1447.743660 1447.744689 1447.745539 1447.746371 1447.744393 1447.745338 1447.745231 1447.745783 1447.746470 1447.745680 1447.747300 1447.747138 1447.746438 1447.747383 1447.748304 1447.748534 1447.748429 1447.747903 1447.747537 1447.748574 
1447.743254 1447.743581 1447.745053 1447.745812 1447.745190 1447.746880 1447.743505 1447.745243 1447.745518 1447.747253 1447.746360 1447.745736 1447.746816 1447.747114 1447.746861 1447.744831 1447.748069 1447.743722 1447.747478 1447.745991 1447.747353 
1447.744651 1447.742950 1447.745596 1447.744686 1447.743861 1447.743386 1447.743973 1447.745036 1447.742466 1447.745630 1447.745494 1447.746234 1447.747679 1447.745514 1447.745036 1447.747389 1447.747315 1447.746476 1447.746207 1447.747235 1447.746034 
1447.742802 1447.742287 1447.742284 1447.744268 1447.743537 1447.745065 1447.742825 1447.744338 1447.743238 1447.745092 1447.745986 1447.745914 1447.742959 1447.745936 1447.745459 1447.745977 1447.745283 1447.744347 1447.747072 1447.745863 1447.746217 
1447.742325 1447.744922 1447.744927 1447.741516 1447.742532 1447.744188 1447.741308 1447.744807 1447.743443 1447.745353 1447.743265 1447.743397 1447.746830 1447.745312 1447.744602 1447.744054 1447.746376 1447.745812 1447.743372 1447.744883 1447.748962 
1447.741679 1447.739861 1447.741134 1447.741783 1447.743094 1447.742434 1447.742891 1447.742964 1447.742207 1447.744533 1447.743191 1447.743278 1447.744124 1447.744053 1447.743783 1447.744617 1447.746809 1447.745448 1447.744439 1447.744398 1447.745204 
1447.739460 1447.743059 1447.741654 1447.740472 1447.741941 1447.740560 1447.742773 1447.742205 1447.742620 1447.743135 1447.743826 1447.742354 1447.741873 1447.743416 1447.742880 1447.744314 1447.742212 1447.745105 1447.744749 1447.743510 1447.744476 
1447.741272 1447.743088 1447.740522 1447.742453 1447.740404 1447.741655 1447.741429 1447.742166 1447.741514 1447.740766 1447.742093 1447.742991 1447.742230 1447.742733 1447.743505 1447.743834 1447.742743 1447.743385 1447.744712 1447.744365 1447.742859 
1447.741468 1447.739502 1447.739596 1447.739042 1447.740533 1447.740726 1447.740692 1447.740355 1447.739707 1447.744575 1447.743275 1447.741608 1447.742035 1447.742696 1447.742512 1447.742135 1447.743826 1447.741935 1447.745221 1447.741685 1447.743288 
1447.740197 1447.739641 1447.738197 1447.740806 1447.740243 1447.739449 1447.740852 1447.741398 1447.743029 1447.740948 1447.740931 1447.740901 1447.739650 1447.742274 1447.739872 1447.741825 1447.741997 1447.743302 1447.739851 1447.743705 1447.742450 
1447.737430 1447.738889 1447.739320 1447.738848 1447.737976 1447.740836 1447.740021 1447.739300 1447.741410 1447.740754 1447.739298 1447.741367 1447.739127 1447.740031 1447.741417 1447.741861 1447.741704 1447.739868 1447.742791 1447.743429 1447.743535 
1447.737531 1447.737887 1447.737441 1447.738891 1447.739085 1447.738246 1447.740126 1447.740255 1447.740254 1447.739029 1447.738619 1447.740791 1447.741781 1447.739229 1447.738476 1447.742299 1447.740991 1447.742420 1447.742425 1447.740401 1447.741356 
